file formats/grd files/head.grd
DSAA
101 101
-893.388 1059.74
-500.381 1452.74
-2.55346 0.12724
[rows 0 to 25 of 101, columns 0 to 58 of 101]
-1.14762 -1.1481 -1.14855 -1.14896 -1.14932 -1.14965 -1.14992 -1.15014 -1.15032 -1.15045 -1.15052 -1.15054 -1.1505 -1.15041 -1.15027 -1.15006 -1.1498 -1.14948 -1.14911 -1.14867 -1.14818 -1.14764 -1.14704 -1.14639 -1.14568 -1.14493 -1.14413 -1.14327 -1.14238 -1.14144 -1.14046 -1.13944 -1.13838 -1.13729 -1.13617 -1.13501 -1.13383 -1.13262 -1.13139 -1.13014 -1.12887 -1.12758 -1.12628 -1.12496 -1.12363 -1.12229 -1.12094 -1.11958 -1.11822 -1.11685 -1.11548 -1.11411 -1.11274 -1.11137 -1.11 -1.10863 -1.10727 -1.10591 -1.10455
-1.14929 -1.1498 -1.15028 -1.15072 -1.15111 -1.15146 -1.15175 -1.152 -1.1522 -1.15234 -1.15242 -1.15246 -1.15243 -1.15234 -1.1522 -1.152 -1.15173 -1.15141 -1.15103 -1.15058 -1.15008 -1.14952 -1.1489 -1.14822 -1.14749 -1.14671 -1.14587 -1.14499 -1.14406 -1.14308 -1.14207 -1.14101 -1.13991 -1.13878 -1.13761 -1.13642 -1.13519 -1.13394 -1.13266 -1.13137 -1.13005 -1.12872 -1.12737 -1.12601 -1.12464 -1.12326 -1.12187 -1.12047 -1.11906 -1.11766 -1.11625 -1.11484 -1.11343 -1.11202 -1.11061 -1.10921 -1.10781 -1.10641 -1.10502
-1.15099 -1.15154 -1.15205 -1.15252 -1.15294 -1.15331 -1.15364 -1.15391 -1.15412 -1.15428 -1.15439 -1.15443 -1.15441 -1.15434 -1.1542 -1.15399 -1.15373 -1.1534 -1.15301 -1.15255 -1.15203 -1.15145 -1.15081 -1.15011 -1.14935 -1.14854 -1.14767 -1.14676 -1.14579 -1.14477 -1.14372 -1.14262 -1.14148 -1.1403 -1.13909 -1.13785 -1.13658 -1.13528 -1.13396 -1.13262 -1.13126 -1.12988 -1.12848 -1.12708 -1.12566 -1.12423 -1.1228 -1.12136 -1.11991 -1.11847 -1.11702 -1.11557 -1.11412 -1.11267 -1.11122 -1.10978 -1.10835 -1.10691 -1.10549
-1.15274 -1.15333 -1.15387 -1.15437 -1.15482 -1.15522 -1.15557 -1.15587 -1.15611 -1.15629 -1.15641 -1.15647 -1.15646 -1.15639 -1.15626 -1.15605 -1.15579 -1.15545 -1.15505 -1.15458 -1.15405 -1.15345 -1.15278 -1.15206 -1.15127 -1.15043 -1.14953 -1.14857 -1.14756 -1.14651 -1.14541 -1.14426 -1.14308 -1.14186 -1.1406 -1.13931 -1.13799 -1.13664 -1.13528 -1.13389 -1.13248 -1.13105 -1.12961 -1.12816 -1.12669 -1.12522 -1.12374 -1.12225 -1.12077 -1.11927 -1.11778 -1.11629 -1.1148 -1.11331 -1.11183 -1.11035 -1.10888 -1.10741 -1.10595
-1.15453 -1.15515 -1.15573 -1.15627 -1.15675 -1.15718 -1.15756 -1.15789 -1.15815 -1.15835 -1.15849 -1.15857 -1.15857 -1.15851 -1.15838 -1.15818 -1.15791 -1.15757 -1.15716 -1.15668 -1.15613 -1.15551 -1.15482 -1.15406 -1.15325 -1.15237 -1.15143 -1.15044 -1.14939 -1.14829 -1.14714 -1.14595 -1.14472 -1.14345 -1.14214 -1.1408 -1.13943 -1.13803 -1.13661 -1.13517 -1.13371 -1.13224 -1.13075 -1.12924 -1.12773 -1.12621 -1.12469 -1.12315 -1.12162 -1.12009 -1.11855 -1.11702 -1.11548 -1.11396 -1.11243 -1.11091 -1.1094 -1.1079 -1.1064
-1.15636 -1.15702 -1.15764 -1.15821 -1.15873 -1.1592 -1.15961 -1.15996 -1.16025 -1.16048 -1.16064 -1.16073 -1.16075 -1.1607 -1.16058 -1.16038 -1.16011 -1.15976 -1.15934 -1.15885 -1.15828 -1.15763 -1.15692 -1.15614 -1.15529 -1.15437 -1.15339 -1.15236 -1.15127 -1.15012 -1.14893 -1.14768 -1.1464 -1.14508 -1.14371 -1.14232 -1.1409 -1.13945 -1.13797 -1.13648 -1.13497 -1.13344 -1.1319 -1.13034 -1.12878 -1.12721 -1.12564 -1.12406 -1.12248 -1.1209 -1.11932 -1.11774 -1.11616 -1.11459 -1.11303 -1.11147 -1.10992 -1.10838 -1.10684
-1.15823 -1.15893 -1.1596 -1.16021 -1.16077 -1.16127 -1.16172 -1.1621 -1.16242 -1.16267 -1.16286 -1.16297 -1.16301 -1.16297 -1.16285 -1.16266 -1.16238 -1.16203 -1.1616 -1.16109 -1.1605 -1.15983 -1.15909 -1.15828 -1.15739 -1.15644 -1.15542 -1.15434 -1.1532 -1.152 -1.15075 -1.14946 -1.14812 -1.14674 -1.14532 -1.14387 -1.14239 -1.14089 -1.13936 -1.1378 -1.13624 -1.13465 -1.13306 -1.13145 -1.12984 -1.12822 -1.12659 -1.12496 -1.12333 -1.12171 -1.12008 -1.11846 -1.11684 -1.11523 -1.11362 -1.11202 -1.11043 -1.10885 -1.10727
-1.16014 -1.1609 -1.1616 -1.16226 -1.16286 -1.1634 -1.16389 -1.16431 -1.16466 -1.16494 -1.16515 -1.16528 -1.16533 -1.16531 -1.1652 -1.16501 -1.16474 -1.16438 -1.16394 -1.16341 -1.1628 -1.16211 -1.16134 -1.16049 -1.15956 -1.15857 -1.1575 -1.15637 -1.15518 -1.15393 -1.15263 -1.15128 -1.14988 -1.14844 -1.14696 -1.14545 -1.14391 -1.14235 -1.14076 -1.13915 -1.13752 -1.13588 -1.13423 -1.13257 -1.1309 -1.12922 -1.12755 -1.12587 -1.12419 -1.12252 -1.12084 -1.11917 -1.11751 -1.11585 -1.1142 -1.11256 -1.11093 -1.10931 -1.1077
-1.1621 -1.1629 -1.16366 -1.16436 -1.16501 -1.1656 -1.16612 -1.16658 -1.16697 -1.16728 -1.16752 -1.16767 -1.16774 -1.16773 -1.16764 -1.16745 -1.16718 -1.16681 -1.16636 -1.16581 -1.16518 -1.16446 -1.16366 -1.16277 -1.16181 -1.16077 -1.15965 -1.15847 -1.15723 -1.15592 -1.15456 -1.15314 -1.15168 -1.15018 -1.14864 -1.14707 -1.14546 -1.14383 -1.14218 -1.14051 -1.13882 -1.13712 -1.13541 -1.13369 -1.13197 -1.13024 -1.12851 -1.12678 -1.12505 -1.12332 -1.1216 -1.11989 -1.11818 -1.11647 -1.11478 -1.1131 -1.11142 -1.10976 -1.10811
-1.1641 -1.16496 -1.16577 -1.16653 -1.16722 -1.16786 -1.16843 -1.16892 -1.16935 -1.1697 -1.16996 -1.17014 -1.17024 -1.17025 -1.17016 -1.16998 -1.1697 -1.16933 -1.16887 -1.16831 -1.16765 -1.1669 -1.16607 -1.16514 -1.16413 -1.16304 -1.16188 -1.16064 -1.15933 -1.15796 -1.15654 -1.15506 -1.15353 -1.15196 -1.15035 -1.14871 -1.14704 -1.14534 -1.14362 -1.14189 -1.14013 -1.13837 -1.1366 -1.13482 -1.13304 -1.13125 -1.12947 -1.12768 -1.1259 -1.12413 -1.12235 -1.12059 -1.11883 -1.11709 -1.11535 -1.11362 -1.1119 -1.1102 -1.10851
-1.16616 -1.16707 -1.16794 -1.16875 -1.1695 -1.17018 -1.1708 -1.17134 -1.17181 -1.17219 -1.17249 -1.17271 -1.17283 -1.17285 -1.17278 -1.1726 -1.17233 -1.17195 -1.17148 -1.1709 -1.17022 -1.16944 -1.16856 -1.16759 -1.16654 -1.16539 -1.16417 -1.16287 -1.1615 -1.16006 -1.15857 -1.15702 -1.15542 -1.15378 -1.1521 -1.15038 -1.14864 -1.14687 -1.14508 -1.14328 -1.14146 -1.13963 -1.1378 -1.13595 -1.13411 -1.13227 -1.13043 -1.12859 -1.12675 -1.12492 -1.1231 -1.12129 -1.11948 -1.11769 -1.11591 -1.11413 -1.11237 -1.11063 -1.10889
-1.16825 -1.16923 -1.17016 -1.17103 -1.17183 -1.17257 -1.17324 -1.17384 -1.17435 -1.17478 -1.17512 -1.17536 -1.17551 -1.17555 -1.17549 -1.17533 -1.17506 -1.17468 -1.17419 -1.17359 -1.17288 -1.17207 -1.17115 -1.17014 -1.16903 -1.16783 -1.16654 -1.16517 -1.16373 -1.16223 -1.16066 -1.15903 -1.15735 -1.15563 -1.15388 -1.15209 -1.15027 -1.14842 -1.14656 -1.14469 -1.1428 -1.1409 -1.139 -1.13709 -1.13519 -1.13328 -1.13138 -1.12949 -1.1276 -1.12571 -1.12384 -1.12198 -1.12012 -1.11828 -1.11645 -1.11463 -1.11283 -1.11104 -1.10926
-1.1704 -1.17144 -1.17244 -1.17337 -1.17424 -1.17504 -1.17577 -1.17642 -1.17698 -1.17745 -1.17783 -1.17811 -1.17829 -1.17836 -1.17832 -1.17817 -1.1779 -1.17751 -1.177 -1.17638 -1.17565 -1.1748 -1.17384 -1.17277 -1.17161 -1.17034 -1.16899 -1.16755 -1.16604 -1.16445 -1.1628 -1.16109 -1.15933 -1.15753 -1.15569 -1.15382 -1.15192 -1.15 -1.14806 -1.1461 -1.14414 -1.14217 -1.1402 -1.13823 -1.13626 -1.13429 -1.13233 -1.13038 -1.12843 -1.1265 -1.12457 -1.12266 -1.12075 -1.11886 -1.11699 -1.11512 -1.11327 -1.11144 -1.10962
-1.1726 -1.17371 -1.17477 -1.17578 -1.17671 -1.17758 -1.17837 -1.17908 -1.1797 -1.18022 -1.18065 -1.18097 -1.18118 -1.18128 -1.18126 -1.18112 -1.18085 -1.18046 -1.17994 -1.1793 -1.17853 -1.17764 -1.17664 -1.17552 -1.17429 -1.17296 -1.17153 -1.17001 -1.16841 -1.16674 -1.165 -1.1632 -1.16136 -1.15947 -1.15754 -1.15558 -1.15359 -1.15158 -1.14956 -1.14753 -1.14549 -1.14345 -1.14141 -1.13937 -1.13733 -1.1353 -1.13328 -1.13126 -1.12926 -1.12727 -1.12529 -1.12332 -1.12137 -1.11943 -1.11751 -1.1156 -1.1137 -1.11183 -1.10997
-1.17484 -1.17603 -1.17717 -1.17825 -1.17926 -1.1802 -1.18106 -1.18183 -1.18251 -1.1831 -1.18357 -1.18394 -1.18419 -1.18432 -1.18432 -1.18419 -1.18393 -1.18354 -1.18301 -1.18234 -1.18154 -1.18061 -1.17955 -1.17837 -1.17707 -1.17566 -1.17415 -1.17255 -1.17086 -1.1691 -1.16726 -1.16537 -1.16343 -1.16144 -1.15941 -1.15736 -1.15528 -1.15319 -1.15108 -1.14897 -1.14685 -1.14473 -1.14261 -1.1405 -1.1384 -1.1363 -1.13421 -1.13214 -1.13008 -1.12803 -1.126 -1.12398 -1.12197 -1.11999 -1.11801 -1.11606 -1.11412 -1.1122 -1.11029
-1.17713 -1.17841 -1.17963 -1.18079 -1.18188 -1.1829 -1.18383 -1.18468 -1.18543 -1.18607 -1.18661 -1.18703 -1.18732 -1.18749 -1.18751 -1.1874 -1.18715 -1.18675 -1.18621 -1.18552 -1.18468 -1.1837 -1.18258 -1.18134 -1.17996 -1.17847 -1.17687 -1.17518 -1.17339 -1.17152 -1.16958 -1.16759 -1.16554 -1.16345 -1.16132 -1.15917 -1.157 -1.15481 -1.15261 -1.15041 -1.14821 -1.14601 -1.14381 -1.14163 -1.13945 -1.13729 -1.13514 -1.133 -1.13088 -1.12878 -1.12669 -1.12462 -1.12256 -1.12052 -1.1185 -1.1165 -1.11452 -1.11255 -1.1106
-1.17947 -1.18084 -1.18215 -1.18339 -1.18457 -1.18568 -1.18669 -1.18762 -1.18845 -1.18916 -1.18976 -1.19024 -1.19058 -1.19079 -1.19085 -1.19076 -1.19052 -1.19012 -1.18956 -1.18884 -1.18796 -1.18693 -1.18575 -1.18443 -1.18298 -1.18139 -1.1797 -1.17789 -1.176 -1.17402 -1.17197 -1.16986 -1.1677 -1.16549 -1.16326 -1.161 -1.15872 -1.15644 -1.15415 -1.15185 -1.14956 -1.14728 -1.14501 -1.14275 -1.1405 -1.13827 -1.13605 -1.13385 -1.13167 -1.12951 -1.12736 -1.12524 -1.12313 -1.12105 -1.11898 -1.11693 -1.1149 -1.11289 -1.11089
-1.18186 -1.18332 -1.18473 -1.18607 -1.18735 -1.18854 -1.18965 -1.19066 -1.19157 -1.19237 -1.19304 -1.19358 -1.19398 -1.19424 -1.19433 -1.19427 -1.19404 -1.19364 -1.19306 -1.19232 -1.1914 -1.19032 -1.18907 -1.18766 -1.18612 -1.18443 -1.18263 -1.18071 -1.17869 -1.17659 -1.17441 -1.17218 -1.16989 -1.16757 -1.16522 -1.16285 -1.16046 -1.15807 -1.15568 -1.15329 -1.15091 -1.14854 -1.14619 -1.14385 -1.14153 -1.13923 -1.13695 -1.13468 -1.13244 -1.13022 -1.12802 -1.12584 -1.12369 -1.12155 -1.11943 -1.11734 -1.11526 -1.1132 -1.11117
-1.1843 -1.18587 -1.18737 -1.18882 -1.1902 -1.1915 -1.1927 -1.19382 -1.19482 -1.1957 -1.19645 -1.19707 -1.19754 -1.19784 -1.19798 -1.19795 -1.19774 -1.19734 -1.19675 -1.19597 -1.19501 -1.19386 -1.19254 -1.19104 -1.18939 -1.1876 -1.18567 -1.18362 -1.18147 -1.17923 -1.17692 -1.17455 -1.17213 -1.16968 -1.1672 -1.16471 -1.16221 -1.15971 -1.15721 -1.15473 -1.15225 -1.1498 -1.14736 -1.14494 -1.14254 -1.14017 -1.13782 -1.13549 -1.13319 -1.13091 -1.12866 -1.12643 -1.12422 -1.12203 -1.11987 -1.11772 -1.1156 -1.1135 -1.11142
-1.18679 -1.18846 -1.19008 -1.19164 -1.19313 -1.19454 -1.19586 -1.19708 -1.19818 -1.19916 -1.20001 -1.20071 -1.20125 -1.20162 -1.20181 -1.20181 -1.20162 -1.20122 -1.20062 -1.19982 -1.1988 -1.19759 -1.19618 -1.19458 -1.19282 -1.19089 -1.18883 -1.18664 -1.18434 -1.18195 -1.17949 -1.17697 -1.1744 -1.17181 -1.1692 -1.16658 -1.16396 -1.16134 -1.15873 -1.15615 -1.15358 -1.15103 -1.1485 -1.14601 -1.14353 -1.14109 -1.13867 -1.13628 -1.13392 -1.13158 -1.12927 -1.12699 -1.12473 -1.12249 -1.12028 -1.11809 -1.11593 -1.11378 -1.11166
-1.18932 -1.19111 -1.19285 -1.19453 -1.19614 -1.19767 -1.19911 -1.20045 -1.20167 -1.20276 -1.20371 -1.2045 -1.20513 -1.20557 -1.20582 -1.20587 -1.20571 -1.20532 -1.20471 -1.20387 -1.2028 -1.20151 -1.20001 -1.1983 -1.1964 -1.19433 -1.19211 -1.18976 -1.1873 -1.18474 -1.18211 -1.17943 -1.17671 -1.17397 -1.17121 -1.16845 -1.1657 -1.16296 -1.16024 -1.15755 -1.15488 -1.15224 -1.14963 -1.14705 -1.1445 -1.14198 -1.1395 -1.13704 -1.13462 -1.13223 -1.12986 -1.12753 -1.12522 -1.12293 -1.12067 -1.11844 -1.11623 -1.11404 -1.11187
-1.19189 -1.19381 -1.19568 -1.19749 -1.19924 -1.2009 -1.20247 -1.20394 -1.20529 -1.2065 -1.20757 -1.20847 -1.20919 -1.20972 -1.21005 -1.21015 -1.21002 -1.20964 -1.20902 -1.20815 -1.20702 -1.20565 -1.20404 -1.2022 -1.20016 -1.19793 -1.19553 -1.193 -1.19035 -1.18761 -1.18479 -1.18193 -1.17904 -1.17613 -1.17322 -1.17032 -1.16743 -1.16457 -1.16173 -1.15892 -1.15615 -1.15342 -1.15072 -1.14806 -1.14543 -1.14285 -1.14029 -1.13778 -1.13529 -1.13284 -1.13043 -1.12804 -1.12568 -1.12335 -1.12104 -1.11876 -1.11651 -1.11428 -1.11206
-1.1945 -1.19656 -1.19857 -1.20052 -1.20241 -1.20422 -1.20594 -1.20755 -1.20904 -1.21039 -1.21159 -1.21262 -1.21345 -1.21408 -1.21449 -1.21466 -1.21457 -1.21422 -1.21359 -1.21268 -1.2115 -1.21003 -1.2083 -1.20632 -1.20411 -1.20169 -1.1991 -1.19636 -1.19349 -1.19054 -1.18753 -1.18447 -1.18139 -1.1783 -1.17523 -1.17217 -1.16914 -1.16614 -1.16318 -1.16027 -1.15739 -1.15456 -1.15177 -1.14903 -1.14633 -1.14367 -1.14105 -1.13848 -1.13593 -1.13343 -1.13096 -1.12852 -1.12611 -1.12374 -1.12139 -1.11906 -1.11677 -1.11449 -1.11224
-1.19715 -1.19935 -1.20151 -1.20362 -1.20567 -1.20764 -1.20952 -1.21129 -1.21294 -1.21444 -1.21579 -1.21696 -1.21792 -1.21867 -1.21918 -1.21942 -1.21939 -1.21907 -1.21844 -1.2175 -1.21625 -1.21468 -1.21282 -1.21067 -1.20827 -1.20564 -1.20281 -1.19983 -1.19673 -1.19354 -1.1903 -1.18702 -1.18374 -1.18047 -1.17721 -1.17399 -1.17081 -1.16768 -1.1646 -1.16157 -1.15859 -1.15566 -1.15279 -1.14996 -1.14719 -1.14446 -1.14178 -1.13914 -1.13654 -1.13398 -1.13146 -1.12897 -1.12652 -1.1241 -1.12171 -1.11934 -1.117 -1.11468 -1.11239
-1.19983 -1.20219 -1.20451 -1.20679 -1.209 -1.21115 -1.2132 -1.21515 -1.21697 -1.21865 -1.22017 -1.2215 -1.22262 -1.2235 -1.22413 -1.22447 -1.22451 -1.22423 -1.22361 -1.22264 -1.22132 -1.21964 -1.21762 -1.21528 -1.21265 -1.20977 -1.20668 -1.20343 -1.20006 -1.19661 -1.19311 -1.18959 -1.18609 -1.18261 -1.17917 -1.17578 -1.17245 -1.16917 -1.16596 -1.16282 -1.15973 -1.15671 -1.15375 -1.15085 -1.148 -1.1452 -1.14246 -1.13976 -1.13711 -1.1345 -1.13193 -1.12939 -1.1269 -1.12443 -1.122 -1.11959 -1.11721 -1.11486 -1.11252
-1.20254 -1.20506 -1.20756 -1.21001 -1.21241 -1.21474 -1.21699 -1.21914 -1.22116 -1.22303 -1.22474 -1.22625 -1.22755 -1.22859 -1.22936 -1.22983 -1.22996 -1.22974 -1.22914 -1.22814 -1.22674 -1.22494 -1.22275 -1.22018 -1.2173 -1.21412 -1.21072 -1.20715 -1.20347 -1.19971 -1.19593 -1.19215 -1.18841 -1.18471 -1.18107 -1.17751 -1.17402 -1.1706 -1.16727 -1.16401 -1.16082 -1.1577 -1.15466 -1.15168 -1.14876 -1.14589 -1.14309 -1.14034 -1.13763 -1.13497 -1.13236 -1.12978 -1.12724 -1.12474 -1.12226 -1.11982 -1.1174 -1.11501 -1.11264
