file formats/grd files/head.grd
DSAA
101 101
-893.388 1059.74
-500.381 1452.74
-2.55346 0.12724
[rows 26 to 51 of 101, columns 0 to 58 of 101]
-1.20526 -1.20796 -1.21064 -1.21329 -1.21589 -1.21843 -1.22089 -1.22325 -1.22549 -1.22758 -1.22951 -1.23123 -1.23273 -1.23396 -1.2349 -1.23552 -1.23577 -1.23563 -1.23506 -1.23405 -1.23258 -1.23064 -1.22824 -1.22542 -1.22222 -1.21871 -1.21494 -1.211 -1.20695 -1.20285 -1.19875 -1.19468 -1.19068 -1.18675 -1.18291 -1.17917 -1.17551 -1.17196 -1.16849 -1.16512 -1.16183 -1.15863 -1.1555 -1.15244 -1.14946 -1.14653 -1.14367 -1.14087 -1.13811 -1.13541 -1.13275 -1.13013 -1.12755 -1.12501 -1.1225 -1.12002 -1.11756 -1.11514 -1.11273
-1.208 -1.21089 -1.21376 -1.21662 -1.21943 -1.2222 -1.22489 -1.22748 -1.22997 -1.2323 -1.23447 -1.23644 -1.23817 -1.23963 -1.24077 -1.24157 -1.24197 -1.24194 -1.24144 -1.24043 -1.23888 -1.2368 -1.23417 -1.23105 -1.22748 -1.22354 -1.21933 -1.21495 -1.21048 -1.20599 -1.20153 -1.19716 -1.19288 -1.18871 -1.18466 -1.18073 -1.17692 -1.17322 -1.16963 -1.16615 -1.16277 -1.15948 -1.15627 -1.15314 -1.15009 -1.14711 -1.1442 -1.14134 -1.13854 -1.1358 -1.1331 -1.13044 -1.12783 -1.12525 -1.12271 -1.12019 -1.1177 -1.11524 -1.1128
-1.21073 -1.21382 -1.21691 -1.21999 -1.22303 -1.22604 -1.22898 -1.23184 -1.23459 -1.2372 -1.23964 -1.24189 -1.24389 -1.24561 -1.247 -1.24802 -1.24862 -1.24874 -1.24833 -1.24734 -1.24574 -1.2435 -1.24062 -1.23713 -1.2331 -1.22865 -1.2239 -1.21899 -1.21402 -1.20909 -1.20425 -1.19953 -1.19496 -1.19055 -1.18629 -1.18217 -1.17821 -1.17438 -1.17067 -1.16709 -1.16361 -1.16024 -1.15696 -1.15377 -1.15066 -1.14763 -1.14466 -1.14177 -1.13893 -1.13614 -1.1334 -1.13072 -1.12807 -1.12546 -1.12288 -1.12034 -1.11782 -1.11533 -1.11286
-1.21346 -1.21676 -1.22007 -1.22338 -1.22668 -1.22995 -1.23316 -1.23631 -1.23935 -1.24227 -1.24502 -1.24758 -1.24989 -1.25192 -1.25361 -1.2549 -1.25574 -1.25607 -1.2558 -1.25489 -1.25325 -1.25086 -1.24769 -1.24376 -1.23917 -1.23406 -1.22864 -1.22308 -1.21754 -1.2121 -1.20683 -1.20176 -1.1969 -1.19223 -1.18776 -1.18348 -1.17936 -1.1754 -1.17159 -1.16791 -1.16435 -1.16091 -1.15756 -1.15432 -1.15116 -1.14808 -1.14507 -1.14213 -1.13925 -1.13643 -1.13367 -1.13095 -1.12827 -1.12563 -1.12303 -1.12046 -1.11791 -1.11539 -1.11289
-1.21617 -1.21969 -1.22323 -1.22679 -1.23036 -1.23391 -1.23742 -1.24087 -1.24424 -1.2475 -1.2506 -1.25351 -1.25619 -1.25857 -1.26061 -1.26225 -1.2634 -1.26399 -1.26394 -1.26315 -1.26154 -1.25902 -1.25552 -1.25107 -1.24575 -1.2398 -1.23352 -1.22716 -1.22094 -1.21494 -1.20922 -1.20379 -1.19863 -1.19373 -1.18906 -1.18461 -1.18036 -1.17629 -1.17238 -1.16862 -1.16499 -1.16148 -1.15808 -1.15478 -1.15157 -1.14845 -1.14541 -1.14243 -1.13953 -1.13668 -1.13388 -1.13114 -1.12843 -1.12577 -1.12315 -1.12055 -1.11798 -1.11544 -1.11291
-1.21884 -1.22259 -1.22638 -1.23021 -1.23405 -1.2379 -1.24174 -1.24553 -1.24926 -1.25288 -1.25638 -1.25969 -1.26278 -1.26558 -1.26804 -1.27007 -1.27161 -1.27256 -1.27281 -1.27225 -1.27075 -1.26816 -1.26436 -1.25927 -1.25299 -1.24588 -1.23845 -1.23111 -1.2241 -1.21751 -1.21133 -1.20554 -1.20011 -1.19499 -1.19015 -1.18556 -1.18119 -1.17702 -1.17303 -1.16919 -1.1655 -1.16193 -1.15849 -1.15515 -1.1519 -1.14875 -1.14567 -1.14267 -1.13974 -1.13687 -1.13405 -1.13128 -1.12856 -1.12588 -1.12323 -1.12062 -1.11803 -1.11546 -1.11292
-1.22145 -1.22544 -1.2295 -1.2336 -1.23775 -1.24192 -1.2461 -1.25026 -1.25437 -1.25841 -1.26233 -1.2661 -1.26965 -1.27294 -1.27588 -1.27841 -1.28043 -1.28183 -1.28251 -1.2823 -1.28106 -1.27855 -1.27452 -1.26871 -1.2611 -1.25228 -1.24326 -1.23471 -1.22685 -1.21965 -1.21305 -1.20694 -1.20127 -1.19597 -1.19098 -1.18628 -1.18182 -1.17757 -1.17351 -1.16962 -1.16588 -1.16228 -1.15879 -1.15542 -1.15215 -1.14896 -1.14587 -1.14284 -1.13989 -1.137 -1.13417 -1.13139 -1.12865 -1.12595 -1.12329 -1.12065 -1.11805 -1.11547 -1.11291
-1.224 -1.22824 -1.23256 -1.23696 -1.24142 -1.24593 -1.25048 -1.25503 -1.25957 -1.26406 -1.26846 -1.27272 -1.2768 -1.28064 -1.28415 -1.28725 -1.28986 -1.29184 -1.29308 -1.29341 -1.29263 -1.29046 -1.2865 -1.28009 -1.27053 -1.25882 -1.24753 -1.2376 -1.22892 -1.22122 -1.21427 -1.20793 -1.20208 -1.19664 -1.19155 -1.18676 -1.18223 -1.17794 -1.17384 -1.16991 -1.16614 -1.1625 -1.15899 -1.1556 -1.1523 -1.1491 -1.14599 -1.14295 -1.13998 -1.13708 -1.13424 -1.13144 -1.1287 -1.12599 -1.12331 -1.12067 -1.11805 -1.11546 -1.11288
-1.22646 -1.23096 -1.23556 -1.24026 -1.24505 -1.24992 -1.25485 -1.25983 -1.26482 -1.26979 -1.27472 -1.27954 -1.28421 -1.28867 -1.29283 -1.29661 -1.29991 -1.30261 -1.30458 -1.30563 -1.30558 -1.30415 -1.3009 -1.29488 -1.28282 -1.2644 -1.25032 -1.23926 -1.23004 -1.22204 -1.2149 -1.20843 -1.20247 -1.19696 -1.19181 -1.18698 -1.18243 -1.17811 -1.17399 -1.17004 -1.16626 -1.16261 -1.15908 -1.15567 -1.15236 -1.14915 -1.14603 -1.14298 -1.14001 -1.13711 -1.13426 -1.13146 -1.1287 -1.12599 -1.1233 -1.12065 -1.11803 -1.11543 -1.11284
-1.22881 -1.23356 -1.23845 -1.24347 -1.2486 -1.25385 -1.25919 -1.26461 -1.27009 -1.27559 -1.28108 -1.28652 -1.29184 -1.297 -1.3019 -1.30646 -1.31058 -1.31414 -1.31698 -1.31897 -1.31992 -1.31962 -1.31785 -1.31437 -1.31036 1.70141e+038 1.70141e+038 1.70141e+038 1.70141e+038 1.70141e+038 1.70141e+038 1.70141e+038 1.70141e+038 1.70141e+038 1.70141e+038 1.70141e+038 1.70141e+038 1.70141e+038 1.70141e+038 1.70141e+038 1.70141e+038 1.70141e+038 1.70141e+038 1.70141e+038 -1.15233 -1.14911 -1.14599 -1.14295 -1.13998 -1.13708 -1.13423 -1.13143 -1.12868 -1.12596 -1.12327 -1.12061 -1.11798 -1.11537 -1.11279
-1.23103 -1.23604 -1.24122 -1.24656 -1.25205 -1.25768 -1.26345 -1.26934 -1.27534 -1.2814 -1.28751 -1.29361 -1.29966 -1.30559 -1.31132 -1.31677 -1.32183 -1.32637 -1.33027 -1.33337 -1.33552 -1.3366 -1.33658 -1.33573 -1.3351 1.70141e+038 1.70141e+038 1.70141e+038 1.70141e+038 1.70141e+038 1.70141e+038 1.70141e+038 1.70141e+038 1.70141e+038 1.70141e+038 1.70141e+038 1.70141e+038 1.70141e+038 1.70141e+038 1.70141e+038 1.70141e+038 1.70141e+038 1.70141e+038 1.70141e+038 1.70141e+038 1.70141e+038 1.70141e+038 1.70141e+038 1.70141e+038 1.70141e+038 1.70141e+038 1.70141e+038 1.70141e+038 1.70141e+038 1.70141e+038 1.70141e+038 1.70141e+038 1.70141e+038 1.70141e+038
-1.23308 -1.23837 -1.24384 -1.2495 -1.25535 -1.26139 -1.2676 -1.27398 -1.28052 -1.28718 -1.29394 -1.30076 -1.3076 -1.31438 -1.32104 -1.32748 -1.3336 -1.33928 -1.34437 -1.34874 -1.35223 -1.35476 -1.35633 -1.35712 -1.35759 1.70141e+038 1.70141e+038 1.70141e+038 1.70141e+038 1.70141e+038 1.70141e+038 1.70141e+038 1.70141e+038 1.70141e+038 1.70141e+038 1.70141e+038 1.70141e+038 1.70141e+038 1.70141e+038 1.70141e+038 1.70141e+038 1.70141e+038 1.70141e+038 1.70141e+038 1.70141e+038 1.70141e+038 1.70141e+038 1.70141e+038 1.70141e+038 1.70141e+038 1.70141e+038 1.70141e+038 1.70141e+038 1.70141e+038 1.70141e+038 1.70141e+038 1.70141e+038 1.70141e+038 1.70141e+038
-1.23496 -1.2405 -1.24627 -1.25226 -1.25847 -1.26492 -1.27159 -1.27848 -1.28558 -1.29287 -1.30032 -1.30791 -1.31559 -1.32331 -1.33098 -1.33853 -1.34584 -1.35279 -1.35923 -1.36501 -1.36996 -1.37396 -1.37693 -1.37891 -1.37999 1.70141e+038 1.70141e+038 1.70141e+038 1.70141e+038 1.70141e+038 1.70141e+038 1.70141e+038 1.70141e+038 1.70141e+038 1.70141e+038 1.70141e+038 1.70141e+038 1.70141e+038 1.70141e+038 1.70141e+038 1.70141e+038 1.70141e+038 1.70141e+038 1.70141e+038 1.70141e+038 1.70141e+038 1.70141e+038 1.70141e+038 1.70141e+038 1.70141e+038 1.70141e+038 1.70141e+038 1.70141e+038 1.70141e+038 1.70141e+038 1.70141e+038 1.70141e+038 1.70141e+038 1.70141e+038
-1.23662 -1.24242 -1.24847 -1.25479 -1.26137 -1.26823 -1.27536 -1.28277 -1.29045 -1.2984 -1.30658 -1.31499 -1.32357 -1.33229 -1.34107 -1.34983 -1.35847 -1.36684 -1.37479 -1.38214 -1.38869 -1.39424 -1.3986 -1.40164 -1.40325 1.70141e+038 1.70141e+038 1.70141e+038 1.70141e+038 1.70141e+038 1.70141e+038 1.70141e+038 1.70141e+038 1.70141e+038 1.70141e+038 1.70141e+038 1.70141e+038 1.70141e+038 1.70141e+038 1.70141e+038 1.70141e+038 1.70141e+038 1.70141e+038 1.70141e+038 1.70141e+038 1.70141e+038 1.70141e+038 1.70141e+038 1.70141e+038 1.70141e+038 1.70141e+038 1.70141e+038 1.70141e+038 1.70141e+038 1.70141e+038 1.70141e+038 1.70141e+038 1.70141e+038 1.70141e+038
-1.23804 -1.24409 -1.25043 -1.25706 -1.264 -1.27127 -1.27887 -1.2868 -1.29508 -1.30369 -1.31263 -1.32189 -1.33143 -1.34122 -1.3512 -1.36128 -1.37137 -1.38133 -1.39098 -1.40012 -1.40848 -1.41577 -1.42167 -1.42585 -1.42807 1.70141e+038 1.70141e+038 1.70141e+038 1.70141e+038 1.70141e+038 1.70141e+038 1.70141e+038 1.70141e+038 1.70141e+038 1.70141e+038 1.70141e+038 1.70141e+038 1.70141e+038 1.70141e+038 1.70141e+038 1.70141e+038 1.70141e+038 1.70141e+038 1.70141e+038 1.70141e+038 1.70141e+038 1.70141e+038 1.70141e+038 1.70141e+038 1.70141e+038 1.70141e+038 1.70141e+038 1.70141e+038 1.70141e+038 1.70141e+038 1.70141e+038 1.70141e+038 1.70141e+038 1.70141e+038
-1.23919 -1.24548 -1.25208 -1.25903 -1.26632 -1.27399 -1.28204 -1.2905 -1.29937 -1.30866 -1.31838 -1.32852 -1.33906 -1.34998 -1.36123 -1.37275 -1.38444 -1.39616 -1.40773 -1.41892 -1.4294 -1.43876 -1.44653 -1.45214 -1.45509 1.70141e+038 1.70141e+038 1.70141e+038 1.70141e+038 1.70141e+038 1.70141e+038 1.70141e+038 1.70141e+038 1.70141e+038 1.70141e+038 1.70141e+038 1.70141e+038 1.70141e+038 1.70141e+038 1.70141e+038 1.70141e+038 1.70141e+038 1.70141e+038 1.70141e+038 1.70141e+038 1.70141e+038 1.70141e+038 1.70141e+038 1.70141e+038 1.70141e+038 1.70141e+038 1.70141e+038 1.70141e+038 1.70141e+038 1.70141e+038 1.70141e+038 1.70141e+038 1.70141e+038 1.70141e+038
-1.24005 -1.24655 -1.25341 -1.26064 -1.26827 -1.27633 -1.28483 -1.29379 -1.30325 -1.31322 -1.32372 -1.33476 -1.34633 -1.35843 -1.37103 -1.38408 -1.39749 -1.41116 -1.4249 -1.43846 -1.45147 -1.46343 -1.47362 -1.48119 -1.48525 1.70141e+038 1.70141e+038 1.70141e+038 1.70141e+038 1.70141e+038 1.70141e+038 1.70141e+038 1.70141e+038 1.70141e+038 1.70141e+038 1.70141e+038 1.70141e+038 1.70141e+038 1.70141e+038 1.70141e+038 1.70141e+038 1.70141e+038 1.70141e+038 1.70141e+038 1.70141e+038 1.70141e+038 1.70141e+038 1.70141e+038 1.70141e+038 1.70141e+038 1.70141e+038 1.70141e+038 1.70141e+038 1.70141e+038 1.70141e+038 1.70141e+038 1.70141e+038 1.70141e+038 1.70141e+038
-1.24058 -1.24728 -1.25437 -1.26187 -1.26981 -1.27823 -1.28715 -1.29661 -1.30664 -1.31727 -1.32854 -1.34048 -1.35309 -1.3664 -1.3804 -1.39506 -1.41033 -1.42612 -1.44229 -1.45858 -1.47465 -1.4899 -1.50344 -1.51393 -1.51973 1.70141e+038 1.70141e+038 1.70141e+038 1.70141e+038 1.70141e+038 1.70141e+038 1.70141e+038 1.70141e+038 1.70141e+038 1.70141e+038 1.70141e+038 1.70141e+038 1.70141e+038 1.70141e+038 1.70141e+038 1.70141e+038 1.70141e+038 1.70141e+038 1.70141e+038 1.70141e+038 1.70141e+038 1.70141e+038 1.70141e+038 1.70141e+038 1.70141e+038 1.70141e+038 1.70141e+038 1.70141e+038 1.70141e+038 1.70141e+038 1.70141e+038 1.70141e+038 1.70141e+038 1.70141e+038
-1.24075 -1.24763 -1.25492 -1.26266 -1.27088 -1.27963 -1.28894 -1.29886 -1.30943 -1.3207 -1.33272 -1.34553 -1.35918 -1.37371 -1.38913 -1.40546 -1.42269 -1.44076 -1.45958 -1.47899 -1.49868 -1.51813 -1.53638 -1.55158 -1.56058 1.70141e+038 1.70141e+038 1.70141e+038 1.70141e+038 1.70141e+038 1.70141e+038 1.70141e+038 1.70141e+038 1.70141e+038 1.70141e+038 1.70141e+038 1.70141e+038 1.70141e+038 1.70141e+038 1.70141e+038 1.70141e+038 1.70141e+038 1.70141e+038 1.70141e+038 1.70141e+038 1.70141e+038 1.70141e+038 1.70141e+038 1.70141e+038 1.70141e+038 1.70141e+038 1.70141e+038 1.70141e+038 1.70141e+038 1.70141e+038 1.70141e+038 1.70141e+038 1.70141e+038 1.70141e+038
-1.24055 -1.24757 -1.25503 -1.26298 -1.27144 -1.28048 -1.29014 -1.30047 -1.31153 -1.32339 -1.33612 -1.34977 -1.36443 -1.38015 -1.39699 -1.41501 -1.43424 -1.4547 -1.47636 -1.49916 -1.52299 -1.54757 -1.57229 -1.59548 -1.61184 1.70141e+038 1.70141e+038 1.70141e+038 1.70141e+038 1.70141e+038 1.70141e+038 1.70141e+038 1.70141e+038 1.70141e+038 1.70141e+038 1.70141e+038 1.70141e+038 1.70141e+038 1.70141e+038 1.70141e+038 1.70141e+038 1.70141e+038 1.70141e+038 1.70141e+038 1.70141e+038 1.70141e+038 1.70141e+038 1.70141e+038 1.70141e+038 1.70141e+038 1.70141e+038 1.70141e+038 1.70141e+038 1.70141e+038 1.70141e+038 1.70141e+038 1.70141e+038 1.70141e+038 1.70141e+038
-1.23994 -1.24707 -1.25467 -1.26278 -1.27144 -1.28072 -1.29067 -1.30136 -1.31286 -1.32524 -1.3386 -1.35304 -1.36863 -1.38549 -1.40372 -1.4234 -1.44463 -1.46749 -1.49206 -1.51841 -1.54664 -1.57691 -1.6095 -1.64493 -1.68343 1.70141e+038 1.70141e+038 1.70141e+038 1.70141e+038 1.70141e+038 1.70141e+038 1.70141e+038 1.70141e+038 1.70141e+038 1.70141e+038 1.70141e+038 1.70141e+038 1.70141e+038 1.70141e+038 1.70141e+038 1.70141e+038 1.70141e+038 1.70141e+038 1.70141e+038 1.70141e+038 1.70141e+038 1.70141e+038 1.70141e+038 1.70141e+038 1.70141e+038 1.70141e+038 1.70141e+038 1.70141e+038 1.70141e+038 1.70141e+038 1.70141e+038 1.70141e+038 1.70141e+038 1.70141e+038
-1.23892 -1.24612 -1.25381 -1.26203 -1.27084 -1.2803 -1.29048 -1.30146 -1.31331 -1.32614 -1.34005 -1.35516 -1.3716 -1.38951 -1.40903 -1.43029 -1.45346 -1.47867 -1.50609 -1.5359 -1.56843 -1.60419 -1.64424 -1.69108 -1.75219 -1.8355 -1.91527 -1.98145 -2.03095 -2.05903 -2.06272 -2.04394 -2.00847 -1.96249 -1.91061 -1.85576 -1.79964 -1.74317 -1.6868 -1.63071 -1.57501 -1.51978 -1.46515 -1.41132 -1.35851 -1.30696 -1.25695 -1.20873 -1.16257 -1.11873 -1.0775 -1.03913 -1.00384 -0.971811 -0.943131 -0.917808 -0.895772 -0.876913 -0.861149
-1.23745 -1.24468 -1.25241 -1.2607 -1.2696 -1.27918 -1.28951 -1.30069 -1.3128 -1.32597 -1.34032 -1.35599 -1.37314 -1.39196 -1.41263 -1.43535 -1.46032 -1.48774 -1.51784 -1.55087 -1.58725 -1.62761 -1.67313 -1.7258 -1.78826 -1.86006 -1.93405 -2.00279 -2.05895 -2.09202 -2.09336 -2.06638 -2.02246 -1.97054 -1.91515 -1.8584 -1.80124 -1.74414 -1.68735 -1.63094 -1.575 -1.51957 -1.46477 -1.41074 -1.35765 -1.30573 -1.25524 -1.20648 -1.15975 -1.11539 -1.07373 -1.03505 -0.999558 -0.967402 -0.938635 -0.913244 -0.891161 -0.872297 -0.856572
-1.23553 -1.24275 -1.25048 -1.25877 -1.26769 -1.27732 -1.28772 -1.299 -1.31127 -1.32465 -1.33929 -1.35536 -1.37306 -1.39261 -1.41425 -1.43823 -1.46481 -1.49425 -1.52679 -1.56271 -1.60235 -1.6463 -1.69542 -1.75091 -1.81377 -1.88375 -1.9589 -2.03651 -2.11048 -2.15985 -2.15409 -2.10526 -2.04403 -1.98205 -1.92131 -1.86176 -1.80312 -1.7452 -1.68788 -1.6311 -1.57483 -1.51911 -1.46398 -1.40954 -1.35594 -1.30338 -1.2521 -1.20245 -1.15479 -1.10956 -1.06715 -1.02791 -0.992058 -0.959697 -0.93084 -0.905433 -0.883384 -0.864585 -0.848934
-1.23316 -1.24031 -1.24798 -1.25622 -1.2651 -1.27468 -1.28507 -1.29635 -1.30864 -1.32209 -1.33686 -1.35315 -1.37118 -1.39122 -1.41357 -1.43857 -1.46654 -1.49778 -1.53254 -1.57102 -1.61344 -1.66016 -1.71173 -1.76889 -1.83239 -1.90296 -1.98182 -2.07252 -2.18268 -2.29712 -2.26001 -2.15281 -2.06567 -1.99258 -1.92673 -1.86467 -1.80472 -1.74606 -1.68826 -1.63112 -1.57451 -1.51842 -1.46285 -1.40786 -1.35354 -1.30006 -1.24766 -1.1967 -1.14766 -1.1011 -1.05759 -1.01754 -0.981188 -0.94859 -0.91968 -0.894335 -0.872412 -0.853769 -0.838269
-1.23032 -1.23737 -1.24492 -1.25305 -1.2618 -1.27127 -1.28153 -1.2927 -1.30488 -1.31824 -1.33295 -1.34923 -1.36733 -1.38757 -1.41033 -1.43602 -1.46508 -1.49791 -1.53473 -1.57561 -1.62051 -1.6695 -1.72282 -1.78095 -1.84459 -1.91493 -1.99461 -2.09072 -2.22637 -2.55346 -2.35522 -2.17638 -2.07491 -1.99703 -1.92912 -1.86604 -1.80553 -1.7465 -1.68841 -1.63099 -1.57407 -1.51759 -1.46152 -1.40586 -1.35065 -1.296 -1.2421 -1.18934 -1.13831 -1.08983 -1.04473 -1.00361 -0.966695 -0.933908 -0.90505 -0.879893 -0.858225 -0.839859 -0.824625
