file formats/grd files/head.grd
DSAA
101 101
-893.388 1059.74
-500.381 1452.74
-2.55346 0.12724
[rows 52 to 77 of 101, columns 0 to 58 of 101]
-1.22703 -1.23392 -1.24131 -1.24925 -1.25782 -1.26707 -1.27711 -1.28804 -1.29998 -1.31308 -1.32752 -1.34353 -1.3614 -1.38148 -1.40422 -1.43017 -1.45996 -1.49415 -1.53302 -1.57641 -1.62381 -1.67486 -1.72952 -1.78802 -1.85085 -1.91886 -1.99372 -2.07884 -2.17876 -2.27162 -2.24299 -2.14872 -2.06525 -1.9932 -1.92759 -1.86548 -1.80537 -1.74645 -1.68833 -1.63075 -1.57357 -1.51673 -1.46014 -1.40377 -1.34758 -1.29155 -1.23578 -1.18059 -1.12671 -1.07539 -1.02806 -0.985636 -0.948213 -0.915429 -0.886834 -0.862055 -0.840809 -0.822877 -0.808059
-1.2233 -1.22998 -1.23715 -1.24485 -1.25315 -1.26211 -1.27183 -1.2824 -1.29394 -1.3066 -1.32055 -1.33603 -1.35332 -1.3728 -1.39499 -1.42058 -1.4505 -1.48576 -1.52696 -1.57346 -1.6238 -1.67701 -1.7328 -1.79127 -1.85258 -1.91682 -1.9838 -2.05224 -2.11621 -2.15687 -2.14987 -2.10422 -2.04512 -1.98393 -1.92328 -1.8635 -1.80448 -1.74606 -1.68811 -1.6305 -1.57315 -1.51598 -1.45892 -1.40189 -1.34472 -1.28724 -1.22931 -1.17099 -1.11294 -1.05716 -1.0066 -0.962803 -0.925268 -0.892926 -0.864941 -0.840792 -0.820166 -0.802845 -0.788627
-1.21914 -1.22557 -1.23246 -1.23986 -1.24782 -1.25641 -1.26571 -1.27581 -1.28681 -1.29886 -1.31211 -1.32677 -1.34311 -1.36151 -1.38248 -1.40681 -1.43577 -1.47138 -1.51567 -1.56707 -1.6214 -1.67698 -1.73381 -1.7921 -1.85183 -1.91245 -1.97246 -2.02859 -2.07444 -2.10021 -2.09806 -2.07032 -2.0264 -1.97431 -1.91851 -1.86119 -1.80342 -1.74562 -1.68795 -1.6304 -1.57292 -1.51549 -1.45807 -1.4005 -1.34254 -1.28378 -1.22372 -1.16176 -1.09756 -1.03376 -0.978293 -0.933902 -0.897391 -0.866287 -0.83938 -0.816133 -0.796313 -0.779781 -0.766374
-1.21456 -1.22071 -1.22728 -1.23432 -1.24188 -1.25002 -1.25882 -1.26833 -1.27867 -1.28994 -1.30229 -1.31588 -1.33093 -1.34775 -1.36676 -1.38865 -1.41468 -1.4479 -1.4968 -1.55888 -1.6183 -1.67608 -1.73374 -1.79184 -1.85047 -1.90887 -1.96494 -2.01486 -2.05319 -2.07394 -2.07337 -2.05235 -2.01553 -1.96843 -1.91548 -1.85967 -1.80272 -1.74545 -1.68808 -1.63062 -1.57304 -1.51538 -1.4577 -1.39989 -1.34155 -1.28202 -1.22045 -1.15553 -1.08396 -1.00058 -0.938477 -0.897723 -0.864542 -0.835734 -0.810354 -0.788186 -0.769271 -0.753667 -0.741304
-1.20961 -1.21542 -1.22163 -1.22826 -1.23537 -1.243 -1.25121 -1.26006 -1.26962 -1.27999 -1.29127 -1.30357 -1.31705 -1.33189 -1.34833 -1.36667 -1.38736 -1.41103 1.70141e+038 1.70141e+038 1.70141e+038 1.70141e+038 1.70141e+038 1.70141e+038 1.70141e+038 1.70141e+038 1.70141e+038 1.70141e+038 1.70141e+038 1.70141e+038 1.70141e+038 1.70141e+038 1.70141e+038 1.70141e+038 1.70141e+038 1.70141e+038 1.70141e+038 1.70141e+038 1.70141e+038 1.70141e+038 1.70141e+038 1.70141e+038 1.70141e+038 1.70141e+038 1.70141e+038 1.70141e+038 1.70141e+038 1.70141e+038 1.70141e+038 -0.906064 -0.884064 -0.855341 -0.827831 -0.802047 -0.778319 -0.757129 -0.739015 -0.724383 -0.713318
-1.2043 -1.20976 -1.21556 -1.22175 -1.22836 -1.23542 -1.24298 -1.25109 -1.2598 -1.26916 -1.27925 -1.29013 -1.30187 -1.31452 -1.32809 -1.34249 -1.35722 -1.37057 1.70141e+038 1.70141e+038 1.70141e+038 1.70141e+038 1.70141e+038 1.70141e+038 1.70141e+038 1.70141e+038 1.70141e+038 1.70141e+038 1.70141e+038 1.70141e+038 1.70141e+038 1.70141e+038 1.70141e+038 1.70141e+038 1.70141e+038 1.70141e+038 1.70141e+038 1.70141e+038 1.70141e+038 1.70141e+038 1.70141e+038 1.70141e+038 1.70141e+038 1.70141e+038 1.70141e+038 1.70141e+038 1.70141e+038 1.70141e+038 1.70141e+038 1.70141e+038 -0.83026 -0.811743 -0.789638 -0.766535 -0.743933 -0.723129 -0.70536 -0.69158 -0.682125
-1.19868 -1.20375 -1.20912 -1.21483 -1.22089 -1.22735 -1.23422 -1.24154 -1.24933 -1.25763 -1.26647 -1.27587 -1.28581 -1.29626 -1.30706 -1.3179 -1.32802 -1.33591 1.70141e+038 1.70141e+038 1.70141e+038 1.70141e+038 1.70141e+038 1.70141e+038 1.70141e+038 1.70141e+038 1.70141e+038 1.70141e+038 1.70141e+038 1.70141e+038 1.70141e+038 1.70141e+038 1.70141e+038 1.70141e+038 1.70141e+038 1.70141e+038 1.70141e+038 1.70141e+038 1.70141e+038 1.70141e+038 1.70141e+038 1.70141e+038 1.70141e+038 1.70141e+038 1.70141e+038 1.70141e+038 1.70141e+038 1.70141e+038 1.70141e+038 1.70141e+038 -0.785228 -0.771449 -0.752519 -0.730702 -0.707934 -0.68623 -0.667772 -0.654457 -0.647067
-1.19278 -1.19743 -1.20235 -1.20756 -1.21306 -1.21888 -1.22503 -1.23152 -1.23838 -1.24559 -1.25317 -1.26108 -1.26928 -1.27766 -1.28601 -1.29398 -1.30096 -1.306 1.70141e+038 1.70141e+038 1.70141e+038 1.70141e+038 1.70141e+038 1.70141e+038 1.70141e+038 1.70141e+038 1.70141e+038 1.70141e+038 1.70141e+038 1.70141e+038 1.70141e+038 1.70141e+038 1.70141e+038 1.70141e+038 1.70141e+038 1.70141e+038 1.70141e+038 1.70141e+038 1.70141e+038 1.70141e+038 1.70141e+038 1.70141e+038 1.70141e+038 1.70141e+038 1.70141e+038 1.70141e+038 1.70141e+038 1.70141e+038 1.70141e+038 1.70141e+038 -0.748323 -0.73638 -0.718416 -0.696031 -0.671116 -0.646258 -0.625044 -0.611298 -0.606822
-1.18663 -1.19086 -1.19531 -1.19999 -1.20492 -1.21008 -1.2155 -1.22117 -1.22708 -1.23322 -1.23955 -1.24604 -1.25259 -1.2591 -1.26536 -1.27108 -1.27587 -1.27922 1.70141e+038 1.70141e+038 1.70141e+038 1.70141e+038 1.70141e+038 1.70141e+038 1.70141e+038 1.70141e+038 1.70141e+038 1.70141e+038 1.70141e+038 1.70141e+038 1.70141e+038 1.70141e+038 1.70141e+038 1.70141e+038 1.70141e+038 1.70141e+038 1.70141e+038 1.70141e+038 1.70141e+038 1.70141e+038 1.70141e+038 1.70141e+038 1.70141e+038 1.70141e+038 1.70141e+038 1.70141e+038 1.70141e+038 1.70141e+038 1.70141e+038 1.70141e+038 -0.719008 -0.707496 -0.688924 -0.664189 -0.634653 -0.602989 -0.574765 -0.558419 -0.558862
-1.18028 -1.18407 -1.18805 -1.1922 -1.19654 -1.20105 -1.20574 -1.21059 -1.21557 -1.22066 -1.22581 -1.23094 -1.23598 -1.24081 -1.24526 -1.24916 -1.2523 -1.25447 1.70141e+038 1.70141e+038 1.70141e+038 1.70141e+038 1.70141e+038 1.70141e+038 1.70141e+038 1.70141e+038 1.70141e+038 1.70141e+038 1.70141e+038 1.70141e+038 1.70141e+038 1.70141e+038 1.70141e+038 1.70141e+038 1.70141e+038 1.70141e+038 1.70141e+038 1.70141e+038 1.70141e+038 1.70141e+038 1.70141e+038 1.70141e+038 1.70141e+038 1.70141e+038 1.70141e+038 1.70141e+038 1.70141e+038 1.70141e+038 1.70141e+038 1.70141e+038 -0.697513 -0.685807 -0.665778 -0.637515 -0.601048 -0.557316 -0.512547 -0.486942 -0.498601
-1.17376 -1.17712 -1.18061 -1.18423 -1.18799 -1.19186 -1.19583 -1.19988 -1.20397 -1.20806 -1.21209 -1.21597 -1.21962 -1.22292 -1.22577 -1.22806 -1.22976 -1.23093 1.70141e+038 1.70141e+038 1.70141e+038 1.70141e+038 1.70141e+038 1.70141e+038 1.70141e+038 1.70141e+038 1.70141e+038 1.70141e+038 1.70141e+038 1.70141e+038 1.70141e+038 1.70141e+038 1.70141e+038 1.70141e+038 1.70141e+038 1.70141e+038 1.70141e+038 1.70141e+038 1.70141e+038 1.70141e+038 1.70141e+038 1.70141e+038 1.70141e+038 1.70141e+038 1.70141e+038 1.70141e+038 1.70141e+038 1.70141e+038 1.70141e+038 1.70141e+038 -0.684548 -0.672488 -0.650936 -0.619289 -0.575624 -0.515748 -0.434281 -0.367439 -0.421312
-1.16711 -1.17003 -1.17304 -1.17615 -1.17933 -1.18258 -1.18586 -1.18915 -1.19239 -1.19555 -1.19853 -1.20126 -1.20363 -1.20554 -1.20688 -1.20761 -1.20783 -1.20788 1.70141e+038 1.70141e+038 1.70141e+038 1.70141e+038 1.70141e+038 1.70141e+038 1.70141e+038 1.70141e+038 1.70141e+038 1.70141e+038 1.70141e+038 1.70141e+038 1.70141e+038 1.70141e+038 1.70141e+038 1.70141e+038 1.70141e+038 1.70141e+038 1.70141e+038 1.70141e+038 1.70141e+038 1.70141e+038 1.70141e+038 1.70141e+038 1.70141e+038 1.70141e+038 1.70141e+038 1.70141e+038 1.70141e+038 1.70141e+038 1.70141e+038 1.70141e+038 -0.681072 -0.668607 -0.646059 -0.612867 -0.566149 -0.497906 -0.381412 0.12724 -0.368576
-1.16037 -1.16285 -1.16539 -1.16799 -1.17062 -1.17327 -1.17589 -1.17846 -1.18093 -1.18321 -1.18525 -1.18693 -1.18814 -1.18876 -1.18866 -1.18776 -1.18616 -1.18449 1.70141e+038 1.70141e+038 1.70141e+038 1.70141e+038 1.70141e+038 1.70141e+038 1.70141e+038 1.70141e+038 1.70141e+038 1.70141e+038 1.70141e+038 1.70141e+038 1.70141e+038 1.70141e+038 1.70141e+038 1.70141e+038 1.70141e+038 1.70141e+038 1.70141e+038 1.70141e+038 1.70141e+038 1.70141e+038 1.70141e+038 1.70141e+038 1.70141e+038 1.70141e+038 1.70141e+038 1.70141e+038 1.70141e+038 1.70141e+038 1.70141e+038 1.70141e+038 -0.688294 -0.674634 -0.651551 -0.619439 -0.576481 -0.518799 -0.442789 -0.384734 -0.433796
-1.15356 -1.15561 -1.1577 -1.1598 -1.16191 -1.16398 -1.166 -1.1679 -1.16964 -1.17115 -1.17233 -1.17308 -1.17327 -1.17274 -1.1713 -1.16874 -1.16482 -1.15957 1.70141e+038 1.70141e+038 1.70141e+038 1.70141e+038 1.70141e+038 1.70141e+038 1.70141e+038 1.70141e+038 1.70141e+038 1.70141e+038 1.70141e+038 1.70141e+038 1.70141e+038 1.70141e+038 1.70141e+038 1.70141e+038 1.70141e+038 1.70141e+038 1.70141e+038 1.70141e+038 1.70141e+038 1.70141e+038 1.70141e+038 1.70141e+038 1.70141e+038 1.70141e+038 1.70141e+038 1.70141e+038 1.70141e+038 1.70141e+038 1.70141e+038 1.70141e+038 -0.70824 -0.689543 -0.665843 -0.636675 -0.601449 -0.560825 -0.520844 -0.500103 -0.514568
-1.14671 -1.14835 -1.14999 -1.15163 -1.15323 -1.15477 -1.15621 -1.15751 -1.15861 -1.15942 -1.15986 -1.15981 -1.15913 -1.15764 -1.1551 -1.15113 -1.14512 -1.13534 -1.11586 -1.09543 -1.0801 -1.06755 -1.05667 -1.04692 -1.03799 -1.02968 -1.02185 -1.01434 -1.00707 -0.999933 -0.992875 -0.985835 -0.97876 -0.97159 -0.964263 -0.956708 -0.948857 -0.940641 -0.931991 -0.922834 -0.913082 -0.902625 -0.891319 -0.878989 -0.86542 -0.850342 -0.833384 -0.81395 -0.790995 -0.762964 -0.733285 -0.709251 -0.685712 -0.660259 -0.632759 -0.605051 -0.582038 -0.571363 -0.5775
-1.13986 -1.14109 -1.14231 -1.14349 -1.14462 -1.14566 -1.14659 -1.14734 -1.14786 -1.14808 -1.14789 -1.14719 -1.14582 -1.14361 -1.14029 -1.1355 -1.12865 -1.1188 -1.10545 -1.09092 -1.07767 -1.06601 -1.05561 -1.04616 -1.03745 -1.02929 -1.02156 -1.01415 -1.00695 -0.999899 -0.992918 -0.985952 -0.978944 -0.971837 -0.964572 -0.957086 -0.949315 -0.941194 -0.932654 -0.92362 -0.914006 -0.903707 -0.8926 -0.880531 -0.867321 -0.852747 -0.83653 -0.818316 -0.797756 -0.774988 -0.751635 -0.729421 -0.707893 -0.686321 -0.664997 -0.645518 -0.630815 -0.624265 -0.627551
-1.13301 -1.13385 -1.13465 -1.13541 -1.1361 -1.13668 -1.13714 -1.13741 -1.13744 -1.13715 -1.13645 -1.13524 -1.13337 -1.13068 -1.12695 -1.12189 -1.11517 -1.1065 -1.09604 -1.08472 -1.07362 -1.06322 -1.05361 -1.0447 -1.03636 -1.02849 -1.02098 -1.01375 -1.00671 -0.999798 -0.992952 -0.986115 -0.979231 -0.972247 -0.965107 -0.957755 -0.950131 -0.942173 -0.933818 -0.924993 -0.915621 -0.905608 -0.894851 -0.883227 -0.870597 -0.856809 -0.841697 -0.825123 -0.807076 -0.787879 -0.768292 -0.749051 -0.730405 -0.712475 -0.695793 -0.681529 -0.671368 -0.666955 -0.669065
-1.12619 -1.12665 -1.12706 -1.12741 -1.12768 -1.12785 -1.12788 -1.12772 -1.12733 -1.12663 -1.12554 -1.12396 -1.12176 -1.1188 -1.11493 -1.10996 -1.10373 -1.09618 -1.08752 -1.07821 -1.0688 -1.05965 -1.05093 -1.04267 -1.03482 -1.02733 -1.02013 -1.01315 -1.00634 -0.999638 -0.992984 -0.986329 -0.979624 -0.972818 -0.965861 -0.958702 -0.951286 -0.943557 -0.935457 -0.926922 -0.917883 -0.908264 -0.89798 -0.886941 -0.875052 -0.862221 -0.848376 -0.833499 -0.817688 -0.801223 -0.784554 -0.768145 -0.75237 -0.737599 -0.724393 -0.713583 -0.706173 -0.703041 -0.704597
-1.11942 -1.1195 -1.11953 -1.11949 -1.11938 -1.11916 -1.11881 -1.11829 -1.11755 -1.11652 -1.11513 -1.1133 -1.11091 -1.10786 -1.10403 -1.09932 -1.09366 -1.08706 -1.07968 -1.07178 -1.06369 -1.05564 -1.0478 -1.04022 -1.03292 -1.02588 -1.01906 -1.0124 -1.00588 -0.999433 -0.993021 -0.986599 -0.980122 -0.973545 -0.966824 -0.959911 -0.952759 -0.945318 -0.937538 -0.929363 -0.920735 -0.911595 -0.901878 -0.891522 -0.88047 -0.868678 -0.856133 -0.842875 -0.829029 -0.814827 -0.800587 -0.78667 -0.773441 -0.761297 -0.750728 -0.742331 -0.736732 -0.734445 -0.735707
-1.1127 -1.11242 -1.11207 -1.11166 -1.11118 -1.1106 -1.10992 -1.10908 -1.10805 -1.10678 -1.10518 -1.1032 -1.10073 -1.09771 -1.09404 -1.08967 -1.08457 -1.07877 -1.07237 -1.06556 -1.05852 -1.05142 -1.04439 -1.0375 -1.03078 -1.02422 -1.01782 -1.01153 -1.00534 -0.999198 -0.993074 -0.986929 -0.980724 -0.974422 -0.967982 -0.961364 -0.954526 -0.947427 -0.940021 -0.932264 -0.92411 -0.915513 -0.906428 -0.896817 -0.886651 -0.87592 -0.864643 -0.852887 -0.84078 -0.828515 -0.816347 -0.80457 -0.793506 -0.78351 -0.77498 -0.768346 -0.764024 -0.762333 -0.763421
-1.10605 -1.1054 -1.10468 -1.10391 -1.10307 -1.10217 -1.10118 -1.10008 -1.09882 -1.09736 -1.09563 -1.09358 -1.09113 -1.08821 -1.08478 -1.08077 -1.0762 -1.07108 -1.0655 -1.05956 -1.0534 -1.04713 -1.04085 -1.03462 -1.02847 -1.02242 -1.01646 -1.01058 -1.00475 -0.99895 -0.993151 -0.987321 -0.981429 -0.975441 -0.969323 -0.963042 -0.956562 -0.949847 -0.942862 -0.93557 -0.927936 -0.919929 -0.911519 -0.902685 -0.893419 -0.883733 -0.873665 -0.863291 -0.85273 -0.84215 -0.831762 -0.821809 -0.812565 -0.804324 -0.797398 -0.792105 -0.788729 -0.787481 -0.788458
-1.09947 -1.09845 -1.09736 -1.09623 -1.09505 -1.09383 -1.09256 -1.09123 -1.0898 -1.08821 -1.08643 -1.08438 -1.08201 -1.07926 -1.07609 -1.07246 -1.06839 -1.06388 -1.05899 -1.0538 -1.04839 -1.04286 -1.03726 -1.03165 -1.02606 -1.02052 -1.01503 -1.00957 -1.00413 -0.998706 -0.993263 -0.987781 -0.982233 -0.976593 -0.970832 -0.964923 -0.958837 -0.952544 -0.946016 -0.939225 -0.932147 -0.924759 -0.917046 -0.909 -0.900628 -0.891953 -0.883022 -0.873913 -0.864734 -0.855632 -0.846782 -0.838386 -0.830671 -0.823872 -0.818235 -0.813993 -0.811349 -0.810445 -0.811348
-1.09297 -1.09157 -1.0901 -1.08859 -1.08706 -1.08554 -1.08402 -1.08249 -1.08093 -1.07928 -1.07749 -1.0755 -1.07327 -1.07074 -1.06786 -1.06463 -1.06102 -1.05707 -1.0528 -1.04826 -1.04352 -1.03864 -1.03367 -1.02865 -1.02362 -1.01858 -1.01356 -1.00854 -1.00351 -0.998481 -0.993418 -0.988309 -0.983133 -0.977869 -0.972494 -0.966987 -0.961323 -0.955481 -0.949438 -0.943176 -0.936675 -0.929925 -0.922918 -0.915658 -0.908158 -0.900449 -0.892582 -0.884631 -0.876694 -0.868894 -0.861382 -0.854323 -0.8479 -0.842302 -0.837719 -0.834324 -0.832265 -0.83164 -0.832495
-1.08657 -1.08476 -1.08288 -1.08097 -1.07908 -1.07725 -1.07549 -1.0738 -1.07215 -1.07049 -1.06876 -1.06689 -1.06485 -1.06256 -1.06001 -1.05716 -1.05402 -1.05058 -1.04687 -1.04293 -1.0388 -1.03452 -1.03014 -1.02568 -1.02118 -1.01664 -1.01208 -1.00751 -1.00291 -0.998287 -0.993623 -0.988907 -0.984124 -0.979258 -0.974293 -0.96921 -0.963993 -0.958624 -0.953088 -0.947371 -0.941462 -0.935357 -0.929056 -0.922568 -0.915912 -0.909122 -0.902249 -0.895359 -0.888541 -0.881899 -0.875559 -0.869656 -0.864338 -0.859754 -0.85605 -0.853356 -0.85178 -0.851392 -0.85222
-1.08028 -1.07803 -1.0757 -1.07334 -1.07105 -1.06889 -1.0669 -1.06508 -1.0634 -1.06178 -1.06016 -1.05848 -1.05666 -1.05467 -1.05246 -1.05001 -1.04732 -1.04437 -1.04119 -1.0378 -1.03423 -1.03052 -1.02668 -1.02276 -1.01876 -1.01472 -1.01063 -1.0065 -1.00234 -0.998133 -0.993881 -0.989573 -0.9852 -0.98075 -0.976212 -0.971572 -0.966818 -0.961939 -0.956923 -0.951763 -0.946454 -0.940995 -0.935392 -0.929657 -0.923814 -0.917896 -0.91195 -0.906037 -0.900234 -0.894629 -0.889325 -0.884434 -0.880073 -0.876358 -0.873402 -0.871303 -0.870139 -0.869958 -0.870779
-1.07414 -1.0714 -1.06854 -1.06566 -1.06289 -1.06036 -1.05814 -1.05623 -1.05458 -1.05308 -1.05165 -1.0502 -1.04867 -1.04701 -1.04517 -1.04312 -1.04087 -1.0384 -1.03572 -1.03285 -1.02981 -1.02663 -1.02332 -1.0199 -1.01641 -1.01284 -1.00922 -1.00554 -1.00181 -0.998028 -0.994196 -0.990307 -0.986355 -0.982334 -0.978235 -0.974051 -0.969773 -0.965394 -0.960908 -0.956311 -0.951602 -0.946785 -0.941868 -0.936867 -0.931804 -0.926712 -0.921635 -0.916625 -0.911748 -0.90708 -0.902703 -0.898708 -0.895187 -0.892231 -0.889926 -0.888345 -0.887543 -0.887554 -0.888386
